11
0   29  20  21  16  31  100 12  4   32  18
29 0 6 11.6 11.2 16 28.8 8.4 11.6 16.4 4.8
20 6 0 6 5.6 10 32.4 3.6 9.2 10.8 5.2
21 11.6 6 0 1.6 4.8 36.8 4.8 10 5.2 10
16 11.2 5.6 1.6 0 6.4 37.6 3.6 8 6.4 8.8
31 16 10 4.8 6.4 0 38 9.6 14.4 1.2 14.8
100 28.8 32.4 36.8 37.6 38 0 36 40.4 39.6 33.6
12 8.4 3.6 4.8 3.6 9.6 36 0 6 10 5.2
4 11.6 9.2 10 8 14.4 40.4 6 0 14 7.2
32 16.4 10.8 5.2 6.4 1.2 39.6 10 14 0 15.2
18 4.8 5.2 10 8.8 14.8 33.6 5.2 7.2 15.2 0
